15
15
2 15 1
4 15 1
6 15 0
9 14 0
11 14 5
12 14 1
15 14 2
4 13 1
7 13 0
8 13 1
12 13 5
2 12 5
3 12 1
4 12 5
12 12 5
13 12 2
15 12 5
2 11 5
5 11 5
6 11 5
11 11 5
6 10 0
7 10 1
8 10 5
10 10 0
11 10 1
15 10 5
2 9 1
10 9 5
13 9 5
3 8 0
6 8 5
10 8 1
13 8 0
3 7 2
6 7 5
14 7 5
1 6 5
5 6 5
6 6 5
8 6 3
9 6 5
10 6 5
5 5 5
10 5 0
11 5 5
14 5 0
1 4 2
3 4 0
4 4 5
12 4 1
13 4 5
14 4 2
4 3 5
8 3 5
9 3 0
12 3 0
1 2 2
4 2 1
5 2 5
7 2 0
10 1 1
12 1 5
14 1 5

0.7701863354037267	1.0	0.125	23
1 1
1 3
1 5
1 10
2 2
3 6
3 13
4 7
5 3
7 6
7 11
8 5
8 7
8 12
8 15
9 4
9 13
11 1
12 5
13 14
14 3
15 4
0.9006211180124224	0.2	0.18181818181818182	23
1 1
1 3
1 5
1 13
2 2
2 10
2 14
3 6
3 15
4 7
4 14
6 14
7 6
7 11
8 5
8 7
8 12
9 9
10 3
11 4
11 6
11 8
12 9
13 10
13 11
13 14
14 3
14 12
15 4
15 13
15 15
0.9503105590062112	0.047619047619047616	0.2857142857142857	23
1 1
1 3
1 5
1 8
1 10
1 13
1 14
2 2
2 10
2 14
3 6
3 14
4 7
4 14
5 4
6 4
7 6
7 11
8 5
8 7
8 12
9 9
10 2
10 13
11 6
11 8
11 15
12 6
12 9
12 10
12 11
13 2
13 11
13 13
13 14
13 15
14 3
14 12
15 4
15 13
15 15
0.906832298136646	0.3333333333333333	0.11764705882352941	23
1 1
1 3
1 5
1 11
2 2
3 6
3 13
4 7
4 14
6 3
7 6
7 11
8 5
8 7
8 12
9 4
9 9
9 13
10 4
12 5
13 2
13 6
13 14
14 3
14 11
15 4
15 15
0.8509316770186336	0.5	0.1	23
1 1
1 3
1 5
1 12
2 2
3 6
4 7
5 8
7 6
7 11
7 14
8 5
8 7
8 12
9 10
10 15
11 2
11 6
11 15
12 8
13 1
14 3
14 10
15 4
15 13
0.9440993788819876	0.07692307692307693	0.2857142857142857	23
1 1
1 3
1 5
1 13
1 14
2 2
2 10
2 14
3 6
4 7
4 14
5 4
7 6
7 11
8 5
8 7
8 12
9 9
10 2
10 13
11 4
11 6
11 8
12 9
12 10
13 2
13 10
13 11
13 13
13 15
14 3
14 12
15 4
15 13
15 15
0.9813664596273292	0.1	0.2	23
1 1
1 3
1 5
1 8
1 13
2 2
2 14
3 6
3 10
3 14
4 7
5 4
5 9
5 13
6 4
7 6
7 11
8 5
8 7
8 12
9 8
9 9
10 2
10 13
11 6
11 8
12 11
13 2
13 11
13 14
14 3
14 9
14 12
15 4
15 13
15 15
0.9937888198757764	0.06666666666666667	0.2222222222222222	23
1 1
1 3
1 5
1 8
1 9
1 10
1 11
2 2
2 14
3 6
3 11
3 14
4 7
5 4
5 8
5 13
6 3
6 4
7 6
7 11
8 5
8 7
8 12
9 9
10 13
11 2
11 6
11 8
12 2
12 5
12 9
12 11
13 2
13 11
13 14
14 3
14 12
14 14
15 4
15 13
15 15
0.9875776397515528	0.05263157894736842	0.25	23
1 1
1 3
1 5
1 8
1 9
1 10
1 15
2 2
2 14
3 6
3 11
3 14
4 7
5 4
5 13
6 3
6 4
7 6
7 11
8 5
8 7
8 12
9 9
10 13
11 1
11 2
11 6
11 8
11 15
12 2
12 5
12 6
12 10
13 2
13 6
13 10
13 11
13 14
14 3
14 6
14 12
15 4
15 13
15 15
0.9751552795031055	0.1111111111111111	0.18181818181818182	23
1 1
1 3
1 5
1 10
1 11
1 13
2 2
2 10
2 13
2 14
3 6
3 11
3 14
4 7
5 13
6 4
7 6
7 11
8 5
8 7
8 12
9 8
10 3
10 13
11 4
11 6
12 5
12 9
13 2
13 11
13 14
14 3
14 15
15 4
15 13
0.8571428571428571	0.25	0.16666666666666666	23
1 1
1 3
1 5
1 13
2 2
2 14
3 6
3 15
4 7
4 14
5 8
7 6
7 11
8 5
8 7
8 12
9 9
10 2
11 6
11 13
12 5
12 8
13 1
13 10
13 11
13 14
14 3
14 12
15 4
15 13
0.9875776397515528	0.1	0.18181818181818182	23
1 1
1 3
1 5
1 8
1 9
1 15
2 2
2 14
3 6
3 10
3 11
3 15
4 7
5 13
6 3
6 4
7 6
7 11
8 5
8 7
8 12
9 8
9 9
10 3
10 13
11 6
11 8
12 2
12 5
13 2
13 11
13 14
14 3
14 11
14 12
15 4
15 13
15 15
0.9937888198757764	0.07692307692307693	0.2	23
1 1
1 3
1 5
1 8
1 9
2 2
2 14
3 6
3 10
3 14
4 7
5 13
6 3
6 4
7 6
7 11
8 5
8 7
8 12
9 8
9 9
10 3
10 13
11 1
11 6
11 8
11 15
12 2
12 5
12 6
12 9
12 10
13 2
13 11
13 14
14 3
14 6
14 12
15 4
15 13
15 15
0.9627329192546584	0.14285714285714285	0.25	23
1 1
1 3
1 5
1 11
1 14
2 2
2 10
3 6
3 11
3 15
4 7
5 10
5 13
6 4
7 6
7 11
8 5
8 7
8 12
9 8
9 9
10 13
11 1
11 13
12 5
13 2
13 6
13 10
13 14
14 3
14 12
14 14
15 4
15 13
15 15
0.9440993788819876	0.16666666666666666	0.2222222222222222	23
1 1
1 3
1 5
1 13
2 2
2 10
2 14
3 6
3 14
4 7
4 14
6 14
7 6
7 11
8 5
8 7
8 12
9 9
10 15
11 1
11 4
11 6
11 8
12 2
12 10
13 1
13 5
13 11
13 14
14 3
14 12
15 4
15 13
0.9875776397515528	0.08333333333333333	0.2222222222222222	23
1 1
1 3
1 5
1 8
1 9
2 2
2 14
3 6
3 10
3 11
3 14
3 15
4 7
5 3
5 4
5 13
6 4
7 6
7 11
8 5
8 7
8 12
9 8
9 9
10 13
11 2
11 8
11 15
12 5
13 2
13 6
13 11
13 14
14 3
14 6
14 9
14 12
15 4
15 13
15 15
0.9937888198757764	0.09090909090909091	0.18181818181818182	23
1 1
1 3
1 5
1 9
1 13
1 15
2 2
2 14
3 6
3 10
3 14
4 7
5 4
5 13
6 4
7 6
7 11
8 5
8 7
8 12
9 9
10 2
10 13
11 1
11 2
11 8
11 15
12 2
12 5
13 2
13 10
13 11
13 14
14 3
14 6
14 12
15 4
15 13
15 15
0.9751552795031055	0.1111111111111111	0.18181818181818182	23
1 1
1 3
1 5
1 8
1 9
1 15
2 2
2 14
3 6
3 10
3 11
4 7
5 4
5 13
6 3
6 4
7 6
7 11
8 5
8 7
8 12
9 8
9 9
10 3
10 13
11 1
11 8
11 15
12 5
13 2
13 6
13 11
13 14
14 3
14 6
14 12
15 4
15 15
0.9503105590062112	0.2	0.15384615384615385	23
1 1
1 3
1 5
1 11
1 13
2 2
3 6
3 14
3 15
4 7
5 8
5 13
6 4
7 6
7 11
8 5
8 7
8 12
9 8
10 3
10 13
11 6
11 13
12 5
13 2
13 10
13 14
13 15
14 3
14 11
15 4
0.9627329192546584	0.14285714285714285	0.25	23
1 1
1 3
1 5
1 13
2 2
2 10
3 6
3 15
4 7
4 14
5 8
6 4
7 6
7 11
8 5
8 7
8 12
9 8
9 9
10 2
10 13
11 4
11 6
11 13
12 5
13 10
13 11
13 14
13 15
14 3
14 12
15 4
15 13
15 15
0.9254658385093167	0.25	0.125	23
1 1
1 3
1 5
1 13
2 2
2 14
3 6
4 7
5 3
5 8
5 10
5 13
6 4
7 6
7 11
7 14
8 5
8 7
8 12
9 8
10 13
11 2
11 6
12 8
13 1
13 6
13 11
14 3
14 10
15 4
15 13
1.0	0.0625	0.16666666666666666	23
1 1
1 3
1 5
1 13
1 14
2 2
2 10
2 14
3 6
3 9
3 15
4 7
4 14
5 3
5 4
5 9
5 13
6 4
7 6
7 11
8 5
8 7
8 12
9 8
9 9
10 2
10 13
11 2
11 4
11 6
12 8
12 9
13 2
13 6
13 11
13 14
14 3
14 9
14 12
15 4
15 13
15 15
0.9875776397515528	0.14285714285714285	0.16666666666666666	23
1 1
1 3
1 5
1 7
1 9
2 2
2 14
3 6
3 10
3 14
4 7
5 13
6 3
6 4
7 6
7 11
8 5
8 7
8 12
9 9
10 2
10 13
11 1
11 8
12 2
12 11
13 2
13 6
13 14
14 3
14 6
14 12
15 4
15 13
15 15
