15
15
2 15 1
4 15 1
6 15 0
9 14 0
11 14 5
12 14 1
15 14 2
4 13 1
7 13 0
8 13 1
12 13 5
2 12 5
3 12 1
4 12 5
12 12 5
13 12 2
15 12 5
2 11 5
5 11 5
6 11 5
11 11 5
6 10 0
7 10 1
8 10 5
10 10 0
11 10 1
15 10 5
2 9 1
10 9 5
13 9 5
3 8 0
6 8 5
10 8 1
13 8 0
3 7 2
6 7 5
14 7 5
1 6 5
5 6 5
6 6 5
8 6 3
9 6 5
10 6 5
5 5 5
10 5 0
11 5 5
14 5 0
1 4 2
3 4 0
4 4 5
12 4 1
13 4 5
14 4 2
4 3 5
8 3 5
9 3 0
12 3 0
1 2 2
4 2 1
5 2 5
7 2 0
10 1 1
12 1 5
14 1 5

0.9937888198757764	0.08333333333333333	0.2222222222222222	29
1 1
1 3
1 5
1 7
1 9
2 2
2 10
2 14
3 6
3 11
3 14
4 7
5 3
5 8
5 13
6 3
6 4
7 6
7 11
8 5
8 7
8 12
9 8
9 9
9 15
10 13
11 4
11 9
11 15
12 9
12 10
12 15
13 2
13 6
13 11
13 13
14 3
14 14
15 4
15 13
0.9937888198757764	0.0625	0.25	29
1 1
1 3
1 5
1 9
1 13
2 2
2 10
2 14
3 6
3 11
3 14
4 7
5 3
5 8
5 9
5 13
6 3
6 4
7 6
7 11
8 5
8 7
8 12
9 8
9 9
9 15
10 13
11 1
11 6
12 6
12 9
12 10
12 11
12 15
13 2
13 6
13 11
14 3
14 12
14 14
15 4
15 13
0.9751552795031055	0.07692307692307693	0.25	29
1 1
1 3
1 5
1 9
1 13
2 2
2 14
3 6
3 10
3 13
3 15
4 7
6 3
7 6
7 11
8 5
8 7
8 12
9 9
10 2
10 13
10 14
11 1
11 4
11 6
11 8
11 13
12 6
12 10
12 15
13 1
13 6
13 11
14 3
14 9
14 14
15 4
15 11
15 13
0.9503105590062112	0.2	0.25	29
1 1
1 3
1 5
1 9
2 2
2 10
2 14
3 6
3 11
3 15
4 7
5 8
6 4
7 6
7 11
8 5
8 7
8 12
9 9
10 13
11 1
11 4
11 8
12 10
12 15
13 1
13 2
13 11
13 13
14 3
14 14
15 4
15 11
0.9751552795031055	0.14285714285714285	0.13333333333333333	29
1 1
1 3
1 5
1 10
1 13
2 2
2 14
3 6
3 9
3 15
4 7
5 3
5 8
6 13
7 6
7 11
8 5
8 7
8 12
8 14
9 9
10 13
11 4
11 8
12 15
13 2
13 5
13 11
13 13
14 3
14 6
14 9
14 10
14 14
15 4
15 13
0.9503105590062112	0.1111111111111111	0.2857142857142857	29
1 1
1 3
1 5
1 9
2 2
2 10
2 14
3 6
3 13
4 7
5 9
5 14
6 4
7 6
7 11
8 5
8 7
8 12
9 8
9 9
10 13
11 1
11 4
11 8
12 10
12 15
13 1
13 6
13 11
13 13
14 3
14 9
14 14
15 4
15 11
15 13
0.7950310559006211	1.0	0.16666666666666666	29
1 1
1 3
1 5
2 2
2 14
3 6
3 13
4 7
7 6
7 11
8 5
8 7
8 12
9 9
10 13
12 6
12 15
13 1
13 5
13 11
13 13
14 3
14 14
15 4
0.8198757763975155	0.5	0.18181818181818182	29
1 1
1 3
1 5
1 10
2 2
3 6
3 13
4 7
7 6
7 11
8 5
8 7
8 12
10 13
11 4
11 9
12 15
13 1
13 11
13 13
14 3
14 6
14 9
14 14
15 4
0.9130434782608695	0.5	0.1	29
1 1
1 3
1 5
1 15
2 2
3 6
3 11
4 7
4 14
5 3
5 8
5 15
6 9
7 6
7 11
8 5
8 7
8 12
9 2
9 4
10 4
10 13
11 3
12 8
12 15
13 1
13 13
14 3
14 11
15 4
0.8198757763975155	0.5	0.18181818181818182	29
1 1
1 3
1 5
1 10
2 2
3 6
3 13
4 7
7 6
7 11
8 5
8 7
8 12
10 13
11 4
11 9
12 15
13 1
13 11
13 13
14 3
14 6
14 9
14 14
15 4
0.8944099378881988	0.3333333333333333	0.18181818181818182	29
1 1
1 3
1 5
2 2
2 10
2 14
3 6
3 13
4 7
5 3
5 13
7 6
7 11
8 5
8 7
8 12
9 9
10 13
11 4
12 15
13 1
13 2
13 11
13 13
14 3
14 6
14 9
14 14
15 4
0.9627329192546584	0.1	0.25	29
1 1
1 3
1 5
1 9
2 2
2 14
3 6
3 11
4 7
5 9
5 14
6 4
7 6
7 11
8 5
8 7
8 12
9 8
9 9
10 13
11 1
11 2
11 4
11 8
12 10
12 15
13 1
13 6
13 13
14 3
14 13
14 14
15 4
15 11
15 13
0.9875776397515528	0.06666666666666667	0.25	29
1 1
1 3
1 5
1 12
2 2
2 10
2 14
3 6
3 10
3 11
3 14
3 15
4 7
5 3
5 4
5 13
6 4
7 6
7 11
8 5
8 7
8 12
9 9
10 2
10 13
11 2
11 6
11 13
12 8
12 10
13 6
13 11
13 13
13 14
14 3
14 9
14 14
15 4
15 11
15 15
0.8819875776397516	1.0	0.15384615384615385	29
1 1
1 3
1 5
2 2
3 6
3 10
3 13
4 7
5 3
5 8
6 14
7 6
7 11
8 5
8 7
8 12
9 9
10 13
11 4
12 8
12 15
13 1
13 11
13 13
14 3
14 14
15 4
0.8633540372670807	0.25	0.25	29
1 1
1 3
1 5
1 9
2 2
3 6
3 13
4 7
6 4
7 6
7 11
8 5
8 7
8 12
9 9
10 13
11 1
12 10
12 15
13 1
13 6
13 11
13 13
14 3
14 9
14 14
15 4
15 11
15 13
0.968944099378882	0.14285714285714285	0.15384615384615385	29
1 1
1 3
1 5
1 13
2 2
3 6
3 9
3 10
3 15
4 7
5 3
5 13
6 4
7 6
7 11
8 5
8 7
8 12
8 14
10 2
10 13
10 14
11 1
11 6
11 13
12 10
12 15
13 6
13 10
13 13
14 3
14 14
15 4
15 13
0.9440993788819876	0.3333333333333333	0.16666666666666666	29
1 1
1 3
1 5
1 11
2 2
2 14
3 6
3 10
3 13
4 7
5 3
5 8
6 14
7 6
7 11
8 5
8 7
8 12
9 9
10 13
11 4
12 8
12 15
13 1
13 6
13 10
13 11
13 13
14 3
14 14
15 4
0.9503105590062112	0.1111111111111111	0.2857142857142857	29
1 1
1 3
1 5
1 9
2 2
2 14
3 6
3 11
3 15
4 7
6 4
7 6
7 11
8 5
8 7
8 12
9 9
10 2
10 13
11 1
11 4
11 6
11 8
12 10
12 15
13 1
13 2
13 11
13 13
14 3
14 9
14 14
15 4
15 11
15 13
0.937888198757764	0.1	0.3333333333333333	29
1 1
1 3
1 5
1 9
2 2
2 14
3 6
3 13
3 15
4 7
5 8
6 4
7 6
7 11
8 5
8 7
8 12
9 8
9 9
10 13
11 1
11 6
12 6
12 10
12 15
13 1
13 2
13 6
13 13
14 3
14 9
14 12
14 14
15 4
15 13
0.9192546583850931	0.25	0.2	29
1 1
1 3
1 5
1 9
2 2
2 14
3 6
3 11
3 13
4 7
6 4
7 6
7 11
8 5
8 7
8 12
9 8
10 13
11 1
11 8
11 15
12 10
12 15
13 1
13 2
13 13
14 3
14 9
14 14
15 4
15 11
0.9565217391304348	0.09090909090909091	0.3333333333333333	29
1 1
1 3
1 5
1 9
2 2
3 6
3 10
3 11
3 13
3 14
3 15
4 7
5 8
5 14
6 4
7 6
7 11
8 5
8 7
8 12
10 2
10 13
11 4
11 8
11 13
12 6
12 10
12 15
13 1
13 2
13 11
13 13
14 3
14 14
15 4
15 11
0.9813664596273292	0.125	0.2222222222222222	29
1 1
1 3
1 5
1 12
2 2
2 10
2 14
3 6
3 10
3 11
3 15
4 7
5 8
5 13
6 4
7 6
7 11
8 5
8 7
8 12
9 9
10 2
10 13
11 2
12 10
12 15
13 1
13 6
13 10
13 11
13 13
14 3
14 8
14 14
15 4
15 11
1.0	0.05555555555555555	0.2857142857142857	29
1 1
1 3
1 5
1 9
1 11
1 13
2 2
3 6
3 10
3 11
3 14
3 15
4 7
5 3
5 8
5 13
6 4
7 6
7 11
8 5
8 7
8 12
9 9
10 2
10 13
10 14
11 3
11 4
11 6
11 8
12 6
12 10
12 11
12 15
13 1
13 2
13 6
13 11
14 3
14 12
14 14
15 4
15 13
15 15
0.9006211180124224	0.1111111111111111	0.3333333333333333	29
1 1
1 3
1 5
1 9
1 13
2 2
3 6
3 13
3 15
4 7
6 4
7 6
7 11
8 5
8 7
8 12
9 9
10 2
10 14
11 4
11 6
11 13
12 6
12 10
12 15
13 1
13 11
14 3
14 12
14 14
15 4
15 11
15 13
0.9875776397515528	0.125	0.16666666666666666	29
1 1
1 3
1 5
1 7
1 9
2 2
2 10
2 14
3 6
3 11
3 13
4 7
5 8
5 13
6 4
7 6
7 11
8 5
8 7
8 12
9 9
10 13
11 1
11 4
11 9
11 15
12 10
12 15
13 2
13 5
13 6
13 11
13 13
14 3
14 9
14 14
15 4
15 11
1.0	0.0625	0.18181818181818182	29
1 1
1 3
1 5
1 7
1 12
1 13
2 2
2 10
2 14
3 6
3 11
3 14
4 7
5 3
5 8
5 9
5 13
6 4
7 6
7 11
8 5
8 7
8 12
9 8
9 9
9 15
10 3
10 13
11 2
11 6
12 8
12 10
12 15
13 2
13 6
13 10
13 11
13 13
14 3
14 9
14 12
14 14
15 4
15 13
1.0	0.07142857142857142	0.15384615384615385	29
1 1
1 3
1 5
1 7
1 9
2 2
3 6
3 10
3 11
3 13
3 14
4 7
5 8
5 9
5 13
6 3
6 4
7 6
7 11
8 2
8 5
8 7
8 12
9 9
10 3
10 14
11 4
11 6
11 13
12 6
12 10
12 15
13 2
13 6
13 11
13 13
14 3
14 9
14 14
15 4
15 15
1.0	0.06666666666666667	0.16666666666666666	29
1 1
1 3
1 5
1 9
2 2
2 14
3 6
3 10
3 11
3 14
3 15
4 7
5 9
5 13
6 3
6 4
7 6
7 11
8 2
8 5
8 7
8 12
9 8
10 3
10 13
10 14
11 1
11 4
11 6
11 8
11 13
12 6
12 15
13 1
13 2
13 6
13 10
14 3
14 9
14 14
15 4
15 11
15 13
0.9627329192546584	0.16666666666666666	0.14285714285714285	29
1 1
1 3
1 5
1 7
1 10
1 11
2 2
2 14
3 6
3 11
3 13
4 7
5 8
6 3
7 6
7 11
8 5
8 7
8 12
9 9
10 3
10 13
11 4
11 6
11 13
12 9
12 15
13 1
13 6
13 10
13 11
13 13
14 3
14 8
15 4
