15
15
2 15 1
4 15 1
6 15 0
9 14 0
11 14 5
12 14 1
15 14 2
4 13 1
7 13 0
8 13 1
12 13 5
2 12 5
3 12 1
4 12 5
12 12 5
13 12 2
15 12 5
2 11 5
5 11 5
6 11 5
11 11 5
6 10 0
7 10 1
8 10 5
10 10 0
11 10 1
15 10 5
2 9 1
10 9 5
13 9 5
3 8 0
6 8 5
10 8 1
13 8 0
3 7 2
6 7 5
14 7 5
1 6 5
5 6 5
6 6 5
8 6 3
9 6 5
10 6 5
5 5 5
10 5 0
11 5 5
14 5 0
1 4 2
3 4 0
4 4 5
12 4 1
13 4 5
14 4 2
4 3 5
8 3 5
9 3 0
12 3 0
1 2 2
4 2 1
5 2 5
7 2 0
10 1 1
12 1 5
14 1 5

154	0.034482758620689655	0.058823529411764705	19
1 1
1 3
1 5
1 10
1 11
1 12
1 15
2 2
2 10
3 6
3 11
3 13
3 14
3 15
4 7
5 13
6 3
6 14
7 6
7 11
8 5
8 7
8 12
8 14
9 2
10 4
10 13
10 14
11 3
11 6
11 9
11 13
11 15
12 5
12 15
13 1
13 2
13 10
13 13
14 3
14 14
15 4
161	0.01694915254237288	0.047619047619047616	19
1 1
1 3
1 5
1 8
1 11
1 15
2 2
2 13
2 14
3 6
3 11
3 15
4 7
5 10
5 14
6 2
6 3
6 9
6 13
7 6
7 11
7 14
8 2
8 5
8 7
8 12
8 15
9 8
9 9
9 10
10 13
10 14
11 1
11 3
11 4
11 6
11 15
12 5
12 6
12 8
12 9
12 11
13 1
13 5
13 6
13 11
13 14
14 3
14 10
14 11
14 12
14 13
14 14
15 4
15 11
152	0.03225806451612903	0.09090909090909091	19
1 1
1 3
1 5
1 9
1 13
1 14
2 2
2 13
3 6
3 13
3 14
3 15
4 7
5 4
5 8
5 14
6 4
7 6
7 11
7 15
8 5
8 7
8 12
8 14
9 8
9 9
10 2
10 15
12 9
13 1
13 10
13 11
13 13
13 14
14 3
14 6
14 12
15 4
15 13
142	0.058823529411764705	0.07142857142857142	19
1 1
1 3
1 5
1 7
1 13
2 2
3 6
3 10
4 7
5 3
5 13
6 3
7 6
7 11
8 5
8 7
8 12
10 3
10 4
11 1
11 2
11 13
11 15
12 11
12 15
13 10
14 3
14 6
14 10
14 12
15 4
15 13
15 15
142	0.037037037037037035	0.09090909090909091	19
1 1
1 3
1 5
1 8
1 9
1 11
1 13
2 2
2 13
2 14
3 6
3 11
4 7
5 4
5 14
7 6
7 11
7 14
8 5
8 7
8 12
8 15
9 8
10 15
11 13
11 15
12 6
12 9
13 1
13 11
13 13
13 14
14 3
14 8
14 14
15 4
157	0.034482758620689655	0.047619047619047616	19
1 1
1 3
1 5
1 9
1 15
2 2
2 13
3 6
3 13
4 7
5 3
5 10
5 15
6 2
6 3
6 9
6 13
7 6
7 11
8 5
8 7
8 12
8 15
9 4
9 9
10 2
10 13
10 14
11 1
11 3
12 2
12 8
12 9
12 10
13 1
13 2
13 6
14 3
14 11
14 13
15 4
15 11
161	0.014492753623188406	0.05263157894736842	19
1 1
1 3
1 5
1 7
1 11
2 2
2 10
2 14
3 6
3 10
3 13
3 14
4 7
5 3
5 4
5 8
5 9
5 10
5 14
6 4
6 13
6 14
7 6
7 11
7 14
8 2
8 5
8 7
8 12
8 14
8 15
9 8
9 9
10 4
10 15
11 2
11 4
11 9
11 13
11 15
12 5
12 6
12 8
13 1
13 5
13 6
13 10
13 13
13 14
13 15
14 3
14 9
14 10
14 11
15 4
156	0.02857142857142857	0.0625	19
1 1
1 3
1 5
1 10
1 11
2 2
2 10
2 13
3 6
3 11
4 7
5 9
6 2
6 3
6 4
6 9
6 14
7 6
7 11
8 5
8 7
8 12
8 14
8 15
9 8
10 14
11 1
11 6
11 13
11 15
12 5
12 11
12 15
13 1
13 2
13 11
13 15
14 3
14 9
14 11
14 15
15 4
125	0.14285714285714285	0.058823529411764705	19
1 1
1 3
1 5
1 7
2 2
3 6
3 10
4 7
5 10
5 13
7 6
7 11
8 5
8 7
8 12
8 14
9 9
10 2
11 2
13 15
14 3
15 4
15 15
118	0.2	0.05555555555555555	19
1 1
1 3
1 5
2 2
2 14
3 6
4 7
6 3
6 13
7 6
7 11
8 5
8 7
8 12
9 13
12 2
12 15
13 13
14 3
14 8
14 9
14 12
15 4
160	0.023255813953488372	0.05555555555555555	19
1 1
1 3
1 5
1 8
1 15
2 2
2 10
2 14
3 6
3 9
3 13
4 7
5 3
5 9
5 13
5 14
5 15
6 3
7 6
7 11
7 15
8 5
8 7
8 12
8 15
9 2
9 4
9 8
9 9
10 3
10 13
11 4
11 9
11 13
11 15
12 5
12 9
13 1
13 2
13 5
13 10
13 15
14 3
14 9
14 13
14 14
15 4
15 11
15 15
143	0.07692307692307693	0.0625	19
1 1
1 3
1 5
1 7
2 2
3 6
3 10
3 11
4 7
5 4
5 10
5 13
6 14
7 6
7 11
8 5
8 7
8 12
9 8
10 3
11 2
11 4
11 15
12 2
12 10
13 10
14 3
14 13
15 4
159	0.0196078431372549	0.058823529411764705	19
1 1
1 3
1 5
1 9
1 10
1 12
1 14
2 2
3 6
3 11
3 14
4 7
5 3
5 4
5 8
5 13
5 15
6 2
6 3
6 9
6 13
7 6
7 11
7 14
8 5
8 7
8 12
8 15
9 8
10 2
10 3
10 4
10 13
11 2
11 6
11 13
12 2
12 6
12 11
12 15
13 6
13 10
13 11
13 13
13 14
14 3
14 8
14 14
15 4
147	0.05263157894736842	0.07692307692307693	19
1 1
1 3
1 5
1 8
2 2
3 6
3 9
3 11
4 7
5 3
5 9
5 10
5 13
5 14
6 3
7 6
7 11
8 5
8 7
8 12
9 4
9 8
11 1
11 6
11 15
12 5
12 8
13 1
13 6
13 13
13 15
14 3
14 12
15 4
149	0.047619047619047616	0.06666666666666667	19
1 1
1 3
1 5
1 10
2 2
2 10
3 6
3 11
3 13
3 14
3 15
4 7
5 4
5 8
5 13
6 13
7 6
7 11
8 5
8 7
8 12
8 15
9 9
10 4
10 15
11 8
11 13
11 15
12 2
13 1
13 10
13 13
14 3
14 8
14 10
14 14
15 4
126	0.09090909090909091	0.0625	19
1 1
1 3
1 5
2 2
2 14
3 6
4 7
5 4
5 13
5 15
6 2
6 3
6 13
7 6
7 11
8 5
8 7
8 12
9 13
10 15
11 3
12 10
12 15
14 3
14 12
15 4
15 15
121	0.1111111111111111	0.07692307692307693	19
1 1
1 3
1 5
1 9
1 11
2 2
3 6
4 7
7 6
7 11
8 5
8 7
8 12
9 15
10 13
11 1
11 6
11 8
11 9
11 15
12 2
13 13
14 3
14 12
15 4
159	0.015873015873015872	0.06666666666666667	19
1 1
1 3
1 5
1 7
1 8
1 10
1 11
1 13
1 14
1 15
2 2
2 14
3 6
3 9
3 11
3 14
4 7
4 14
5 3
5 8
5 9
5 14
6 3
6 13
6 14
7 6
7 11
8 5
8 7
8 12
9 4
9 8
9 9
9 15
10 14
11 2
11 4
11 13
11 15
12 2
12 5
12 6
12 9
12 11
13 1
13 11
13 14
14 3
14 10
14 13
14 14
15 4
15 11
15 15
143	0.06666666666666667	0.06666666666666667	19
1 1
1 3
1 5
1 8
1 10
1 13
1 15
2 2
3 6
3 14
4 7
4 14
6 3
6 9
7 6
7 11
7 14
8 5
8 7
8 12
9 8
9 15
10 14
11 1
12 9
13 10
13 11
13 13
14 3
14 6
14 12
14 14
15 4
