13
13
2 13 2
3 13 5
11 13 5
12 13 5
3 12 5
5 12 1
9 12 3
11 12 5
4 10 2
7 10 0
10 10 3
1 9 5
5 9 3
9 9 5
13 9 5
1 8 5
6 8 5
8 8 1
13 8 2
3 7 1
4 7 5
10 7 5
11 7 0
1 6 5
6 6 5
8 6 1
13 6 5
1 5 1
5 5 5
9 5 1
13 5 5
4 4 1
7 4 5
10 4 2
3 2 5
5 2 2
9 2 1
11 2 5
2 1 5
3 1 5
11 1 1
12 1 0

0.9763779527559056	0.07142857142857142	0.3333333333333333	27
1 4
1 7
1 13
2 12
4 5
4 6
4 8
4 9
4 12
5 3
5 7
5 10
6 3
6 9
6 12
7 2
7 6
7 12
8 2
8 9
8 11
8 12
9 10
9 13
10 1
10 5
10 6
10 9
10 12
11 4
11 6
11 10
12 8
13 2
13 7
13 13
0.937007874015748	0.3333333333333333	0.25	27
1 4
1 7
1 13
2 12
3 9
4 2
4 9
4 12
5 3
5 7
5 10
6 4
6 9
7 6
7 12
8 2
9 10
9 13
10 1
10 5
10 9
11 4
11 6
11 10
12 8
13 2
13 7
13 13
0.8582677165354331	0.5	0.16666666666666666	27
1 4
1 13
2 12
4 2
4 6
4 8
4 11
5 3
6 7
7 6
7 8
8 2
8 12
9 4
9 10
9 13
10 1
10 12
11 4
12 8
13 1
13 7
0.9763779527559056	0.09090909090909091	0.2857142857142857	27
1 4
1 7
1 13
2 12
3 8
4 2
4 5
4 6
4 9
4 11
4 12
5 3
5 8
6 4
6 7
6 9
7 5
7 6
7 12
8 2
8 3
8 7
8 12
9 4
9 6
9 10
9 13
10 1
10 5
10 6
10 9
10 12
11 4
11 10
12 8
13 7
13 13
0.8582677165354331	1.0	0.09523809523809523	27
1 4
1 13
2 12
4 8
4 11
5 3
5 10
7 8
8 5
8 7
8 10
9 4
9 6
9 13
10 1
10 5
10 9
11 4
11 10
12 8
13 1
13 7
0.8740157480314961	0.5	0.14285714285714285	27
1 4
1 13
2 12
3 8
4 2
4 5
5 10
6 4
6 7
6 9
7 2
8 2
8 12
9 13
10 1
10 5
11 3
11 9
12 8
13 1
13 7
13 10
0.9763779527559056	0.041666666666666664	0.6666666666666666	27
1 4
1 7
1 13
2 12
3 3
3 8
3 10
3 11
4 2
4 8
4 9
4 13
5 3
5 4
5 8
6 4
6 5
6 7
6 9
7 2
7 3
7 7
8 2
8 3
8 4
8 7
8 12
9 4
9 10
9 13
10 1
10 6
10 9
10 12
11 3
11 4
11 10
12 8
13 3
13 7
13 12
13 13
0.9921259842519685	0.14285714285714285	0.2	27
1 4
1 7
1 13
2 12
3 8
4 2
4 6
4 9
4 11
5 3
5 8
5 10
6 4
6 7
6 9
7 3
7 6
7 7
8 2
8 12
9 3
9 10
9 13
10 1
10 6
10 9
10 12
11 4
11 10
12 8
13 2
13 7
13 12
13 13
0.9921259842519685	0.06666666666666667	0.3333333333333333	27
1 4
1 7
1 13
2 12
3 3
3 8
4 2
4 5
4 6
4 8
4 9
4 13
5 3
5 10
6 2
6 4
6 7
6 9
7 6
8 3
8 4
8 7
8 12
9 4
9 10
9 13
10 1
10 6
10 9
10 12
11 3
11 4
11 10
12 8
13 2
13 3
13 7
13 12
0.968503937007874	0.09090909090909091	0.3333333333333333	27
1 4
1 7
1 13
2 12
3 9
4 2
4 5
4 6
4 9
4 12
5 3
5 4
5 8
5 10
6 4
6 5
6 7
6 9
7 6
8 2
8 11
8 12
9 7
9 10
9 13
10 1
10 5
10 6
10 11
10 12
11 4
11 10
12 8
13 2
13 7
0.9606299212598425	0.2	0.25	27
1 4
1 7
1 13
2 12
3 3
3 8
4 6
4 9
5 4
5 10
5 13
6 4
6 9
7 7
8 2
8 12
9 3
9 6
10 1
10 6
10 9
10 11
10 12
11 4
11 10
12 8
13 7
13 12
0.952755905511811	0.125	0.6666666666666666	27
1 4
1 7
1 13
2 12
3 8
3 9
4 2
4 5
4 6
4 9
4 12
5 3
5 10
6 4
6 9
7 12
8 2
8 3
8 7
8 11
8 12
9 4
9 10
9 13
10 1
10 6
10 9
10 12
11 4
12 8
13 7
13 13
0.9763779527559056	0.16666666666666666	0.25	27
1 4
1 7
1 13
2 12
3 9
4 2
4 6
4 9
4 12
5 3
5 8
5 10
6 4
6 7
6 9
7 6
8 2
8 9
8 12
9 4
9 6
9 10
9 13
10 1
10 9
10 12
11 4
11 10
12 8
13 1
13 3
13 7
13 13
0.7401574803149606	1.0	0.11764705882352941	27
1 4
1 13
2 12
4 2
4 6
6 5
6 12
7 2
7 13
8 4
8 7
9 3
9 6
10 1
10 9
11 4
12 8
13 7
0.7559055118110236	1.0	0.10526315789473684	27
1 4
1 13
2 12
4 2
5 6
6 4
6 7
7 2
7 8
9 13
10 1
10 6
10 11
11 4
12 8
13 7
13 12
1.0	0.08333333333333333	0.2	27
1 4
1 7
1 13
2 12
3 3
3 10
4 2
4 6
4 8
4 9
4 12
4 13
5 3
5 8
5 11
6 4
6 7
6 9
7 6
8 2
8 10
8 12
9 4
10 1
10 6
10 9
10 12
11 4
12 8
13 2
13 3
13 4
13 7
13 10
13 12
13 13
0.8031496062992126	1.0	0.1	27
1 4
1 13
2 12
4 2
4 6
4 11
6 4
7 2
7 6
8 5
8 12
9 6
10 1
10 12
11 4
11 10
12 8
13 1
13 7
13 12
0.9448818897637795	0.25	0.18181818181818182	27
1 4
1 7
1 13
2 12
4 2
4 6
4 9
4 12
5 3
5 8
5 10
5 11
6 7
6 9
7 6
8 4
8 12
9 3
9 6
9 10
9 13
10 1
10 5
10 9
11 4
11 10
12 8
13 1
13 2
13 7
13 13
0.9763779527559056	0.0625	0.5	27
1 4
1 7
1 13
2 12
3 8
3 10
4 2
4 5
4 6
4 8
4 9
4 12
5 3
5 8
6 4
6 9
7 3
7 6
7 7
8 2
8 11
8 12
9 10
9 13
10 1
10 5
10 6
10 11
10 12
11 4
11 10
12 8
13 1
13 2
13 4
13 7
13 12
13 13
0.984251968503937	0.07142857142857142	0.2857142857142857	27
1 4
1 7
1 13
2 12
3 8
4 2
4 6
4 9
4 12
4 13
5 3
5 8
5 10
6 3
6 7
6 9
7 2
7 6
7 12
7 13
8 2
8 3
8 7
8 12
9 6
9 10
9 13
10 1
10 5
10 6
10 9
10 12
11 4
11 10
12 8
13 2
13 7
13 13
0.984251968503937	0.125	0.2222222222222222	27
1 4
1 13
2 12
3 3
3 8
4 2
4 6
4 9
4 11
5 8
6 4
6 7
6 9
7 8
7 12
8 2
8 10
8 12
9 4
9 10
9 13
10 1
10 5
10 6
10 9
10 12
11 4
11 10
12 8
13 4
13 7
13 10
0.9763779527559056	0.09090909090909091	0.2857142857142857	27
1 4
1 7
1 13
2 12
3 8
4 2
4 6
4 8
4 9
4 13
5 3
5 10
6 4
6 9
7 5
7 6
8 2
8 4
8 7
8 12
9 4
9 10
9 13
10 1
10 5
10 9
10 12
11 3
11 10
12 8
13 1
13 7
13 10
13 12
13 13
1.0	0.07692307692307693	0.25	27
1 4
1 7
1 13
2 12
3 8
4 2
4 5
4 6
4 8
4 9
4 12
5 3
5 8
5 10
6 4
6 7
6 13
7 2
7 5
8 12
9 4
9 6
9 7
9 10
9 13
10 1
10 5
10 9
10 11
10 12
11 4
11 9
11 10
12 8
13 4
13 7
13 12
13 13
0.968503937007874	0.3333333333333333	0.16666666666666666	27
1 4
1 7
1 13
2 12
3 8
3 11
4 2
4 6
4 13
5 3
5 10
6 4
6 7
6 9
7 6
8 2
8 10
8 12
10 1
10 5
10 9
10 12
11 4
12 8
13 1
13 7
13 10
0.9606299212598425	0.1	0.4	27
1 4
1 13
2 12
3 8
4 2
4 5
4 8
4 9
4 13
5 3
5 10
6 4
6 7
6 9
7 2
7 5
7 6
8 2
8 7
8 12
9 10
9 11
9 13
10 1
10 5
10 6
10 9
11 4
11 10
12 8
13 1
13 7
13 12
13 13
0.9921259842519685	0.1	0.2222222222222222	27
1 4
1 7
1 13
2 12
3 8
3 10
4 2
4 6
4 8
4 9
4 11
4 12
4 13
5 3
5 10
6 4
6 9
7 2
7 6
8 2
8 12
9 4
9 7
9 10
9 13
10 1
10 5
10 9
10 12
10 13
11 4
11 10
12 8
13 1
13 7
13 12
0.889763779527559	0.16666666666666666	0.2857142857142857	27
1 4
1 7
1 13
2 12
4 5
4 6
4 9
4 12
5 7
5 8
5 10
6 9
7 3
7 12
8 2
8 7
8 11
8 12
9 4
9 10
9 13
10 1
10 9
10 12
11 4
12 8
13 7
13 13
