13
13
2 13 2
3 13 5
11 13 5
12 13 5
3 12 5
5 12 1
9 12 3
11 12 5
4 10 2
7 10 0
10 10 3
1 9 5
5 9 3
9 9 5
13 9 5
1 8 5
6 8 5
8 8 1
13 8 2
3 7 1
4 7 5
10 7 5
11 7 0
1 6 5
6 6 5
8 6 1
13 6 5
1 5 1
5 5 5
9 5 1
13 5 5
4 4 1
7 4 5
10 4 2
3 2 5
5 2 2
9 2 1
11 2 5
2 1 5
3 1 5
11 1 1
12 1 0

0.8582677165354331	0.2	0.14285714285714285	5
1 4
1 7
1 13
2 12
3 9
4 5
4 11
4 13
5 10
6 2
6 9
7 12
8 4
8 9
9 7
9 10
10 1
10 5
11 11
12 8
13 4
13 7
13 11
0.9291338582677166	0.1	0.2222222222222222	5
1 4
1 13
2 12
3 3
3 9
4 9
4 12
5 10
6 2
6 7
7 5
8 4
8 7
8 12
8 13
9 4
9 10
9 13
10 1
10 6
10 11
10 12
11 5
11 11
12 8
13 4
13 7
13 10
13 11
0.9606299212598425	0.09090909090909091	0.2	5
1 4
1 7
1 13
2 12
3 10
4 5
4 9
4 12
5 3
5 8
5 10
6 2
6 7
6 12
7 5
8 4
8 7
8 12
8 13
9 4
9 13
10 1
10 6
10 11
10 12
11 5
11 6
12 8
13 3
13 4
13 7
13 10
0.905511811023622	0.14285714285714285	0.18181818181818182	5
1 4
1 13
2 12
3 3
3 9
4 5
4 11
4 13
5 3
5 8
5 10
6 2
6 9
7 12
8 4
8 5
8 9
9 10
10 1
10 5
10 12
12 8
13 3
13 4
13 7
13 10
0.9921259842519685	0.05555555555555555	0.2222222222222222	5
1 4
1 7
1 13
2 12
3 5
3 8
3 9
3 11
4 2
4 5
4 11
5 3
5 4
5 8
5 10
6 5
6 9
6 11
7 7
7 8
7 12
7 13
8 4
8 7
8 11
9 7
9 10
10 1
10 5
10 9
10 12
11 4
11 11
12 8
13 3
13 4
13 7
13 13
