13
13
2 13 2
3 13 5
11 13 5
12 13 5
3 12 5
5 12 1
9 12 3
11 12 5
4 10 2
7 10 0
10 10 3
1 9 5
5 9 3
9 9 5
13 9 5
1 8 5
6 8 5
8 8 1
13 8 2
3 7 1
4 7 5
10 7 5
11 7 0
1 6 5
6 6 5
8 6 1
13 6 5
1 5 1
5 5 5
9 5 1
13 5 5
4 4 1
7 4 5
10 4 2
3 2 5
5 2 2
9 2 1
11 2 5
2 1 5
3 1 5
11 1 1
12 1 0

0.984251968503937	0.038461538461538464	0.25	32
1 3
1 4
1 13
2 7
2 12
3 5
4 1
4 2
4 5
4 6
4 9
4 11
4 12
5 3
5 7
5 8
5 13
6 4
6 5
6 11
7 2
7 9
8 4
8 12
9 8
9 10
9 11
10 1
10 5
10 6
10 9
10 12
11 4
11 5
11 9
12 6
12 8
12 11
12 12
13 4
13 7
13 12
1.0	0.02631578947368421	0.125	32
1 1
1 7
1 11
1 13
2 3
2 4
2 7
3 5
3 6
3 9
3 10
4 2
4 6
4 9
4 11
4 12
5 1
5 3
5 8
5 11
6 2
6 4
6 7
6 9
6 12
7 2
7 3
7 5
7 6
7 13
8 4
8 7
8 10
8 12
9 10
9 11
10 2
10 5
10 6
10 9
10 12
10 13
11 4
11 5
12 3
12 6
12 8
12 10
13 1
13 4
13 7
13 10
0.9448818897637795	0.05263157894736842	0.2222222222222222	32
1 1
1 7
1 13
2 5
2 12
3 4
3 10
3 11
4 2
4 5
4 6
4 9
4 11
4 12
5 1
5 8
6 1
6 7
6 9
7 2
7 6
7 13
8 13
9 1
9 8
9 10
9 11
10 1
10 5
10 12
10 13
11 4
11 5
11 9
12 3
12 12
13 4
13 7
0.9921259842519685	0.04	0.13333333333333333	32
1 4
1 13
2 4
2 7
2 12
3 5
3 9
3 11
4 1
4 2
4 6
4 8
4 12
5 3
5 6
5 7
5 13
6 3
6 5
6 10
6 11
7 2
7 5
7 13
8 4
8 7
8 12
9 10
9 11
10 1
10 5
10 6
10 8
10 12
11 5
12 8
12 9
12 10
12 12
13 4
13 10
0.9606299212598425	0.07142857142857142	0.18181818181818182	32
1 1
1 7
1 13
2 5
3 8
4 2
4 6
4 9
4 11
4 12
5 1
5 6
6 3
6 4
6 7
6 9
7 2
7 6
7 13
8 3
8 4
8 12
8 13
9 4
9 10
9 13
10 1
10 5
10 9
10 13
12 2
12 6
12 8
13 7
13 10
0.968503937007874	0.058823529411764705	0.16666666666666666	32
1 2
1 11
1 12
1 13
2 12
3 6
4 2
4 9
4 12
5 1
5 3
5 8
6 1
6 4
6 7
6 9
7 2
7 6
7 12
8 4
8 12
9 1
9 11
10 1
10 6
10 9
10 13
11 4
12 8
12 10
12 11
13 3
13 4
13 7
13 10
0.9921259842519685	0.03125	0.2222222222222222	32
1 2
1 10
1 13
2 5
2 7
2 12
3 6
4 1
4 2
4 9
4 12
5 7
5 8
6 1
6 4
6 5
6 7
6 9
7 1
7 2
7 3
7 6
7 13
8 4
8 7
8 11
8 12
9 1
9 4
9 11
10 1
10 6
10 9
10 11
10 13
11 4
11 5
11 9
12 8
12 9
12 10
12 11
13 3
13 7
13 10
13 13
0.984251968503937	0.05555555555555555	0.15384615384615385	32
1 2
1 7
1 13
2 12
3 5
3 6
3 9
3 10
4 13
5 3
5 8
6 3
6 5
6 7
6 9
7 2
7 5
7 7
8 7
8 12
9 1
9 4
9 7
9 10
9 11
10 1
10 3
10 5
10 8
10 9
10 12
11 4
12 2
12 8
13 4
13 7
13 10
0.952755905511811	0.038461538461538464	0.2857142857142857	32
1 4
1 7
1 10
2 2
2 12
3 6
3 10
4 2
4 5
4 8
4 9
4 12
4 13
5 3
5 8
6 1
6 2
6 3
6 9
7 2
7 5
7 6
8 1
8 4
8 12
8 13
9 1
9 4
9 10
9 11
10 1
10 8
10 9
10 12
11 4
11 5
11 9
12 2
12 8
12 12
13 4
13 7
13 10
0.952755905511811	0.07692307692307693	0.13333333333333333	32
1 2
1 7
2 11
2 12
3 6
3 9
4 1
4 8
4 12
5 3
5 8
5 10
6 2
6 3
6 7
6 9
7 2
7 5
8 2
8 7
8 12
9 3
9 6
9 10
9 11
10 5
10 8
10 9
10 13
12 8
13 1
13 10
0.9448818897637795	0.043478260869565216	0.25	32
1 1
1 2
1 4
1 7
1 10
1 13
2 7
2 12
3 4
3 5
3 6
3 10
4 1
4 2
4 9
4 12
4 13
5 3
5 7
5 8
6 1
6 4
6 5
6 7
6 9
7 2
8 1
8 7
8 12
9 1
9 4
9 10
9 11
10 1
11 4
11 8
12 9
13 4
13 7
13 10
0.7322834645669292	0.16666666666666666	0.13333333333333333	32
1 7
1 13
2 12
3 6
4 8
4 12
5 1
5 3
5 10
6 9
7 1
7 2
8 7
8 12
8 13
10 1
10 9
12 12
13 3
13 7
0.9212598425196851	0.125	0.13333333333333333	32
1 2
1 7
1 13
2 12
3 5
3 6
3 9
3 10
4 1
4 12
5 3
5 8
6 2
6 9
7 2
7 5
8 2
8 7
8 12
9 6
10 5
10 8
10 9
10 12
10 13
12 8
13 1
13 10
0.968503937007874	0.06666666666666667	0.13333333333333333	32
1 2
1 7
1 13
2 7
3 5
3 8
3 10
4 2
4 8
4 12
5 3
5 10
6 4
6 9
7 1
7 2
7 5
7 9
7 12
8 4
8 7
8 12
8 13
9 1
9 6
9 11
10 1
10 9
11 5
12 3
12 5
12 8
13 2
13 10
0.937007874015748	0.1111111111111111	0.1	32
1 2
1 7
2 12
3 6
3 8
4 1
4 5
4 8
4 12
5 3
5 8
5 10
6 2
7 2
7 5
7 6
7 8
8 7
8 12
8 13
9 6
9 11
10 8
10 13
11 5
12 8
13 1
13 10
0.937007874015748	0.09090909090909091	0.11764705882352941	32
1 4
1 7
2 7
2 12
3 6
3 8
4 2
4 8
4 12
5 3
5 8
5 10
7 1
7 2
7 5
7 13
8 4
8 7
8 12
8 13
9 6
9 11
10 1
10 13
11 5
12 8
13 3
13 10
0.889763779527559	0.25	0.10526315789473684	32
1 4
1 7
1 13
2 2
3 6
3 9
3 10
4 1
4 8
4 12
5 7
5 10
7 5
8 7
8 12
10 9
10 13
11 5
11 11
12 8
13 1
13 3
13 10
0.8188976377952756	0.5	0.125	32
1 1
1 7
1 13
2 12
3 4
4 2
4 11
5 1
6 9
7 2
8 3
8 7
8 13
9 8
10 1
10 5
10 9
10 12
12 12
13 4
13 7
0.7952755905511811	1.0	0.11764705882352941	32
1 2
1 7
1 13
2 12
3 6
3 8
4 2
4 9
6 5
7 2
7 13
8 4
8 7
8 12
9 10
10 5
10 9
12 8
13 4
13 10
0.9763779527559056	0.08333333333333333	0.125	32
1 2
1 7
1 10
1 13
2 7
3 6
4 1
4 8
4 12
5 1
5 8
5 10
6 5
6 9
6 11
7 1
7 6
7 12
8 4
8 7
8 12
9 6
9 11
10 1
10 9
10 13
11 4
11 5
12 8
13 1
13 3
13 7
13 10
0.8976377952755905	0.07692307692307693	0.2857142857142857	32
1 2
1 4
1 7
1 10
1 13
2 12
3 6
3 10
4 2
4 8
4 9
4 12
5 3
5 8
6 2
6 5
6 9
7 2
8 1
8 7
8 12
9 1
9 4
9 10
9 11
10 8
10 9
11 4
12 8
13 4
13 7
13 10
0.9133858267716536	0.1111111111111111	0.16666666666666666	32
1 2
1 4
1 7
1 11
1 13
2 12
3 6
3 10
4 2
4 9
4 12
5 3
5 7
6 5
6 9
7 8
8 4
8 7
8 12
9 4
9 10
10 8
10 9
10 13
11 5
12 8
13 3
13 4
13 10
0.968503937007874	0.041666666666666664	0.2222222222222222	32
1 1
1 2
1 7
1 11
2 5
2 12
3 4
3 5
3 6
3 10
4 2
4 9
4 12
4 13
5 1
5 8
6 1
6 4
6 5
6 10
7 2
7 7
7 13
8 1
8 7
8 12
9 1
9 4
9 10
9 11
10 2
10 9
10 11
10 13
11 4
11 5
12 8
12 10
12 12
13 4
13 10
0.9448818897637795	0.07692307692307693	0.16666666666666666	32
1 2
1 7
1 11
1 13
3 5
3 6
3 10
4 1
4 9
4 12
5 3
5 8
6 3
6 5
6 7
6 9
7 2
7 5
8 7
8 12
9 3
9 10
10 5
10 8
10 9
10 12
10 13
11 5
12 4
12 8
13 1
13 10
0.9606299212598425	0.047619047619047616	0.2222222222222222	32
1 2
1 4
1 13
3 5
3 6
3 9
3 10
4 1
4 2
5 3
5 8
5 11
6 3
6 5
6 7
6 9
7 2
7 5
8 4
8 7
8 12
9 3
9 10
9 11
10 1
10 2
10 5
10 8
10 9
10 12
10 13
11 4
12 2
12 4
12 8
13 4
13 7
13 10
0.9291338582677166	0.1111111111111111	0.125	32
1 3
1 13
2 7
2 12
3 10
4 2
4 5
4 6
4 11
6 5
6 7
6 9
7 5
7 8
7 13
8 2
8 3
8 12
9 8
9 10
10 1
10 2
10 5
10 9
10 12
12 12
13 1
13 4
13 10
0.9291338582677166	0.09090909090909091	0.2222222222222222	32
1 2
1 13
2 12
3 6
3 10
4 2
4 9
4 12
5 3
5 8
6 7
6 9
7 8
7 13
8 3
8 12
9 11
9 13
10 1
10 2
10 6
10 9
10 11
10 13
11 4
12 8
12 10
12 12
13 4
13 10
0.9212598425196851	0.05	0.25	32
1 2
1 4
1 13
2 7
2 12
3 4
3 5
3 10
4 1
4 2
4 9
4 12
4 13
5 3
6 4
6 7
6 9
7 13
8 1
8 7
8 12
9 10
9 11
9 13
10 1
10 2
10 5
10 9
10 12
11 4
11 8
12 2
12 6
12 9
12 10
13 7
13 10
13 13
0.9763779527559056	0.04	0.18181818181818182	32
1 2
1 11
1 13
2 5
2 7
2 11
2 12
3 6
3 10
3 11
4 2
4 9
5 1
5 3
5 8
5 13
6 1
6 4
6 5
6 7
6 9
7 2
7 6
7 13
8 4
8 7
8 12
9 1
9 11
10 1
10 5
10 6
10 8
10 11
10 13
11 4
12 7
12 8
12 10
13 4
13 10
0.905511811023622	0.14285714285714285	0.2	32
1 2
1 4
1 7
1 13
2 7
3 5
3 10
4 2
4 9
4 12
5 3
5 8
5 13
6 4
6 5
6 7
6 9
7 13
8 3
8 12
9 8
9 10
9 13
10 1
10 5
10 12
11 4
12 6
13 7
13 10
0.968503937007874	0.05555555555555555	0.2	32
1 1
1 11
1 13
2 5
2 7
2 12
3 5
3 6
3 10
4 2
4 9
4 11
4 12
5 1
5 8
6 4
6 7
6 9
7 2
7 3
7 5
7 6
7 13
8 4
8 12
9 1
9 10
9 11
10 5
10 6
10 9
10 13
11 4
12 8
12 10
13 1
13 4
13 7
0.905511811023622	0.05555555555555555	0.4	32
1 1
1 2
1 4
1 10
1 13
2 12
3 6
3 10
3 11
4 2
4 5
4 9
4 12
5 8
6 1
6 7
6 9
7 2
7 6
7 8
7 13
8 12
8 13
9 1
9 4
9 11
9 13
10 1
10 6
10 11
10 13
11 4
12 8
12 10
12 12
13 7
