13
13
2 13 2
3 13 5
11 13 5
12 13 5
3 12 5
5 12 1
9 12 3
11 12 5
4 10 2
7 10 0
10 10 3
1 9 5
5 9 3
9 9 5
13 9 5
1 8 5
6 8 5
8 8 1
13 8 2
3 7 1
4 7 5
10 7 5
11 7 0
1 6 5
6 6 5
8 6 1
13 6 5
1 5 1
5 5 5
9 5 1
13 5 5
4 4 1
7 4 5
10 4 2
3 2 5
5 2 2
9 2 1
11 2 5
2 1 5
3 1 5
11 1 1
12 1 0

1.0	0.0625	0.4	23
1 4
1 7
1 13
2 12
3 8
4 2
4 5
4 6
4 9
4 12
4 13
5 3
5 8
5 10
6 4
6 13
7 5
7 6
7 13
8 2
8 7
8 9
8 12
9 4
9 7
9 10
9 11
10 1
10 6
10 12
11 3
11 4
11 9
11 10
12 8
13 2
13 3
13 7
13 12
13 13
0.9921259842519685	0.09090909090909091	0.2222222222222222	23
1 4
1 7
1 13
2 12
3 8
3 9
4 2
4 5
4 8
4 13
5 6
5 7
5 10
6 4
6 13
7 3
7 6
8 2
8 7
8 12
9 4
9 7
9 10
9 13
10 1
10 6
10 9
10 12
11 4
11 9
12 8
13 2
13 3
13 7
13 12
0.984251968503937	0.09090909090909091	0.2857142857142857	23
1 4
1 7
1 13
2 12
3 8
4 2
4 6
4 9
5 7
5 11
6 2
6 4
6 9
6 13
7 6
7 7
7 8
8 2
8 3
8 7
8 12
9 4
9 7
9 10
9 13
10 1
10 6
10 9
10 12
11 4
11 10
12 8
13 2
13 7
13 13
0.9921259842519685	0.1111111111111111	0.2	23
1 4
1 7
1 13
2 12
3 9
4 2
4 5
4 9
5 4
5 6
5 8
5 11
6 2
6 9
6 10
6 13
7 6
7 8
8 2
8 3
8 12
9 4
9 7
9 10
10 1
10 6
10 9
10 12
11 6
12 8
13 2
13 7
13 10
0.984251968503937	0.07692307692307693	0.3333333333333333	23
1 4
1 7
1 13
2 12
3 6
4 2
4 5
4 6
4 9
4 12
5 8
5 10
6 2
6 5
6 10
6 11
7 7
7 13
8 2
8 9
8 12
9 3
9 4
9 7
9 11
10 1
10 6
10 9
10 12
11 4
11 10
12 8
13 2
13 7
13 11
13 12
0.984251968503937	0.14285714285714285	0.2222222222222222	23
1 4
1 7
1 13
2 12
3 8
4 2
4 5
4 9
4 12
5 3
5 8
5 10
6 2
6 9
7 2
7 6
7 11
7 13
8 2
8 7
8 12
9 4
10 1
10 6
10 9
10 12
11 4
11 9
12 8
13 2
13 7
13 10
13 12
0.952755905511811	0.14285714285714285	0.3333333333333333	23
1 4
1 7
1 13
2 12
3 3
3 8
4 2
4 5
4 9
4 12
5 3
5 8
5 10
6 4
7 7
7 13
8 2
8 9
8 12
9 4
9 10
10 1
10 5
10 6
10 12
11 10
12 8
13 2
13 3
13 7
0.8346456692913385	0.5	0.2222222222222222	23
1 4
1 7
1 13
2 12
3 8
4 2
4 5
4 12
5 10
6 9
7 6
8 2
8 12
9 4
9 7
9 10
10 1
10 5
10 12
11 10
12 8
13 7
13 11
13 12
0.984251968503937	0.16666666666666666	0.16666666666666666	23
1 4
1 7
1 13
2 12
3 8
4 2
4 5
4 9
4 12
5 7
6 2
6 4
6 12
7 3
7 6
7 13
8 3
8 10
9 4
9 10
10 1
10 5
10 6
10 9
10 12
11 3
11 10
12 8
13 4
13 7
13 11
0.9763779527559056	0.07692307692307693	0.4	23
1 4
1 7
1 13
2 12
3 3
4 2
4 5
4 9
4 13
5 3
5 6
5 8
5 10
6 4
6 11
6 13
7 5
7 6
8 2
8 7
8 12
9 4
9 7
9 10
9 11
10 1
10 9
10 11
10 12
11 4
12 8
13 3
13 7
13 10
13 12
0.8740157480314961	0.2	0.3333333333333333	23
1 4
1 7
1 13
2 12
3 8
4 2
4 9
4 12
5 10
6 2
6 9
7 6
7 13
8 2
8 9
8 12
9 4
9 7
9 10
9 13
10 1
10 5
10 9
12 8
13 2
13 7
13 12
0.9921259842519685	0.08333333333333333	0.25	23
1 4
1 7
1 13
2 12
3 3
3 8
4 2
4 5
4 8
4 9
5 8
5 10
6 4
6 13
7 5
8 2
8 3
8 7
8 9
8 12
9 4
9 7
9 10
10 1
10 5
10 9
10 11
10 12
11 4
11 9
12 8
13 3
13 7
13 12
13 13
0.9448818897637795	0.25	0.18181818181818182	23
1 4
1 7
1 13
2 12
4 2
4 5
4 9
4 13
5 8
5 10
6 2
7 3
7 5
7 13
8 7
8 9
8 10
9 4
9 7
9 11
10 1
10 9
11 4
12 8
13 2
13 7
13 10
0.9212598425196851	0.3333333333333333	0.15384615384615385	23
1 4
1 7
1 13
2 12
4 2
4 6
4 9
5 4
5 8
6 13
7 8
7 12
8 2
8 3
9 4
9 7
9 11
10 1
10 5
10 12
11 4
11 10
12 8
13 7
13 11
0.84251968503937	1.0	0.1111111111111111	23
1 4
1 7
1 13
2 12
4 6
4 9
4 11
6 12
7 3
8 4
8 7
8 10
10 1
10 6
10 12
12 8
13 4
13 7
13 10
1.0	0.1	0.2	23
1 4
1 7
1 13
2 12
3 8
4 2
4 5
4 6
4 9
4 12
5 4
5 10
6 4
6 7
7 7
7 12
7 13
8 2
8 3
8 9
9 4
9 7
9 10
10 1
10 5
10 9
10 12
10 13
11 4
11 10
12 8
13 2
13 7
13 11
13 12
0.9606299212598425	0.2	0.25	23
1 4
1 7
1 13
2 12
3 3
3 8
4 2
4 5
4 9
5 8
5 10
6 2
6 12
7 3
7 6
7 8
8 2
8 9
9 4
9 7
9 11
9 13
10 1
10 5
11 9
12 8
13 2
13 7
13 12
0.9291338582677166	0.16666666666666666	0.2857142857142857	23
1 4
1 7
1 13
2 12
3 8
4 2
4 5
4 9
4 12
5 8
6 9
7 3
7 6
7 8
8 2
8 12
9 4
9 7
9 10
10 1
10 5
10 12
11 9
11 10
12 8
13 2
13 4
13 7
13 11
13 12
0.9133858267716536	0.3333333333333333	0.2857142857142857	23
1 4
1 7
1 13
2 12
3 8
4 2
4 5
4 9
4 12
5 8
5 10
6 9
7 6
8 2
8 7
8 12
9 4
9 7
9 10
9 13
10 1
10 5
10 9
10 12
11 11
12 8
13 2
13 7
13 12
0.905511811023622	0.5	0.18181818181818182	23
1 4
1 7
1 13
2 12
4 2
4 5
4 9
4 12
5 8
7 3
7 6
8 2
8 7
8 12
9 4
9 7
9 10
10 1
10 5
10 9
10 12
11 6
11 11
12 8
13 2
13 7
13 12
0.984251968503937	0.1	0.25	23
1 4
1 7
1 13
2 12
3 5
4 2
4 5
4 9
5 3
5 6
5 8
5 10
6 2
6 13
7 6
7 8
7 11
7 13
8 2
8 12
9 4
9 7
9 10
10 1
10 5
10 6
10 9
10 12
11 10
12 8
13 4
13 7
13 11
13 12
0.9606299212598425	0.1111111111111111	0.2857142857142857	23
1 4
1 13
2 12
3 8
4 2
4 5
4 6
4 9
4 12
5 3
5 7
5 10
6 4
7 13
8 2
8 9
8 10
8 12
9 4
9 7
9 10
10 1
10 6
10 12
11 4
11 9
11 10
12 8
13 2
13 3
13 7
13 12
0.968503937007874	0.1	0.5	23
1 4
1 7
1 13
2 12
3 5
3 8
4 2
4 5
4 9
5 3
5 8
5 10
6 2
7 6
7 8
7 13
8 2
8 12
9 4
9 7
9 10
9 13
10 1
10 6
10 9
10 12
11 4
11 9
11 10
12 8
13 7
13 10
13 11
