15
15
2 15 1
4 15 1
6 15 0
9 14 0
11 14 5
12 14 1
15 14 2
4 13 1
7 13 0
8 13 1
12 13 5
2 12 5
3 12 1
4 12 5
12 12 5
13 12 2
15 12 5
2 11 5
5 11 5
6 11 5
11 11 5
6 10 0
7 10 1
8 10 5
10 10 0
11 10 1
15 10 5
2 9 1
10 9 5
13 9 5
3 8 0
6 8 5
10 8 1
13 8 0
3 7 2
6 7 5
14 7 5
1 6 5
5 6 5
6 6 5
8 6 3
9 6 5
10 6 5
5 5 5
10 5 0
11 5 5
14 5 0
1 4 2
3 4 0
4 4 5
12 4 1
13 4 5
14 4 2
4 3 5
8 3 5
9 3 0
12 3 0
1 2 2
4 2 1
5 2 5
7 2 0
10 1 1
12 1 5
14 1 5

0.9751552795031055	0.05555555555555555	0.25	17
1 1
1 3
1 5
1 9
1 10
1 12
1 14
1 15
2 2
3 6
3 14
4 7
4 14
5 8
5 14
6 4
7 6
7 11
8 5
8 7
8 12
8 14
9 9
10 2
10 13
11 2
11 8
11 9
12 5
12 6
12 11
12 15
13 1
13 6
13 11
13 13
14 3
14 9
14 10
15 4
15 11
15 15
0.9937888198757764	0.1	0.2	17
1 1
1 3
1 5
1 8
1 9
2 2
2 13
3 6
3 10
3 15
4 7
4 14
5 13
5 14
6 3
7 6
7 11
8 5
8 7
8 12
9 9
10 2
10 14
11 2
11 4
11 6
11 8
11 13
12 5
12 10
13 1
13 6
13 11
13 13
14 3
14 14
15 4
15 11
15 15
1.0	0.07142857142857142	0.15384615384615385	17
1 1
1 3
1 5
1 9
1 14
2 2
2 13
3 6
3 10
3 14
3 15
4 7
5 8
5 13
6 3
6 4
7 6
7 11
8 5
8 7
8 12
9 9
9 15
10 3
10 13
10 14
11 2
11 4
11 6
11 13
12 5
13 1
13 6
13 11
13 13
14 3
14 9
14 11
14 14
15 4
15 15
0.968944099378882	0.2	0.13333333333333333	17
1 1
1 3
1 5
1 9
2 2
2 13
3 6
3 10
3 15
4 7
4 14
5 8
5 15
7 6
7 11
8 5
8 7
8 12
9 9
10 2
10 13
10 14
11 4
11 13
12 5
12 8
13 1
13 6
13 11
13 13
14 3
14 12
14 14
15 4
15 15
0.8881987577639752	0.1	0.3333333333333333	17
1 1
1 3
1 5
1 9
1 15
2 2
3 6
3 10
3 11
3 14
4 7
4 14
7 6
7 11
8 5
8 7
8 12
10 2
11 2
11 8
11 9
11 13
12 5
12 6
12 15
13 6
13 11
13 13
14 3
14 10
14 11
15 4
1.0	0.08333333333333333	0.13333333333333333	17
1 1
1 3
1 5
1 8
1 13
2 2
2 13
3 6
3 10
3 14
3 15
4 7
4 14
5 4
5 8
5 13
6 3
7 6
7 11
7 14
8 5
8 7
8 12
8 14
9 9
10 2
10 3
10 13
11 2
11 6
11 9
12 5
13 1
13 6
13 11
13 13
14 3
14 10
15 4
15 11
15 15
0.968944099378882	0.16666666666666666	0.25	17
1 1
1 3
1 5
1 9
1 12
1 14
2 2
2 13
3 6
3 11
3 15
4 7
5 9
5 13
6 3
6 4
7 6
7 11
8 5
8 7
8 12
10 2
10 14
11 4
11 13
11 15
12 10
13 1
13 6
13 13
14 3
14 14
15 4
15 11
15 15
0.9565217391304348	0.2	0.14285714285714285	17
1 1
1 3
1 5
1 9
1 14
2 2
2 13
3 6
3 10
3 15
4 7
4 14
5 13
6 3
6 9
7 6
7 11
8 5
8 7
8 12
9 13
10 2
10 14
11 4
12 8
12 10
13 11
13 13
14 3
14 9
15 4
15 13
15 15
0.8881987577639752	1.0	0.11764705882352941	17
1 1
1 3
1 5
1 9
2 2
3 6
3 11
4 7
4 14
5 8
5 13
6 4
7 6
7 11
8 2
8 5
8 7
8 12
11 3
12 8
13 5
13 11
14 3
14 6
14 12
15 4
15 15
0.8012422360248447	0.2	0.25	17
1 1
1 3
1 5
1 9
1 14
2 2
3 6
3 11
4 7
4 14
7 6
7 11
8 5
8 7
8 12
10 2
11 8
11 9
11 13
12 5
13 6
13 13
14 3
14 10
14 14
15 4
15 11
0.9006211180124224	0.2	0.2222222222222222	17
1 1
1 3
1 5
1 9
2 2
2 13
3 6
3 11
4 7
4 14
7 6
7 11
8 5
8 7
8 12
10 2
10 14
11 4
11 8
11 13
12 8
12 10
13 6
13 11
13 13
14 3
14 12
14 14
15 4
15 11
15 15
0.9751552795031055	0.1111111111111111	0.2	17
1 1
1 3
1 5
1 12
1 14
2 2
2 13
3 6
3 11
3 15
4 7
5 9
5 13
6 3
6 4
7 6
7 11
8 5
8 7
8 12
9 9
10 2
10 14
11 4
12 10
13 1
13 5
13 6
13 13
14 3
14 9
14 11
15 4
15 11
15 13
15 15
0.7763975155279503	1.0	0.16666666666666666	17
1 1
1 3
1 5
2 2
3 6
3 11
4 7
4 14
5 3
5 13
7 6
7 11
8 5
8 7
8 12
10 2
11 8
11 13
12 5
13 6
13 13
14 3
14 10
15 4
0.9813664596273292	0.1	0.2222222222222222	17
1 1
1 3
1 5
1 9
1 15
2 2
3 6
3 10
3 14
4 7
5 8
5 13
5 15
6 3
6 4
7 6
7 11
8 5
8 7
8 12
9 9
10 2
10 3
11 2
11 9
11 13
12 5
12 6
12 15
13 6
13 11
13 13
14 3
14 11
15 4
15 15
0.9316770186335404	0.5	0.2	17
1 1
1 3
1 5
1 9
2 2
2 13
3 6
3 11
3 15
4 7
4 14
5 8
6 9
7 6
7 11
8 5
8 7
8 12
10 2
10 14
11 4
11 13
12 8
12 10
13 6
13 11
13 13
14 3
14 14
15 4
15 15
0.9440993788819876	0.3333333333333333	0.125	17
1 1
1 3
1 5
1 11
2 2
3 6
3 15
4 7
4 14
5 14
6 3
6 9
7 6
7 11
8 5
8 7
8 12
9 13
10 2
10 4
10 14
11 3
11 8
12 5
13 6
13 13
14 3
14 14
15 4
15 11
15 15
0.9875776397515528	0.14285714285714285	0.14285714285714285	17
1 1
1 3
1 5
1 9
2 2
2 13
3 6
3 10
3 11
3 15
4 7
4 14
5 8
5 15
6 3
7 6
7 11
8 5
8 7
8 12
9 9
10 2
10 4
10 13
10 14
11 4
11 13
12 5
12 8
13 1
13 6
13 11
13 13
14 3
14 14
15 4
15 15
